{'rmse': {'n_factors': 50, 'n_epochs': 100, 'lr_all': 0.005, 'reg_all': 0.1, 'init_std_dev': 1, 'random_state': 0}} {'rmse': 0.8839731398331236}
[0.90991306 0.88397314 0.9164639  0.8852393 ]
Initial model performance: RMSE = 0.8728289035570546; RPI = 0.
2-model ensemble performance: RMSE = 0.8711583566419606; RPI = -0.10100185043756701.
3-model ensemble performance: RMSE = 0.8707523855263456; RPI = 0.34615689566154617.
4-model ensemble performance: RMSE = 0.8704504827511104; RPI = 0.4211945604108867.
5-model ensemble performance: RMSE = 0.8701682545404337; RPI = 0.45773524482018985.
6-model ensemble performance: RMSE = 0.8700786691429353; RPI = 0.47873165934854517.
7-model ensemble performance: RMSE = 0.8699881747653985; RPI = 0.4894979934705835.
8-model ensemble performance: RMSE = 0.8699062801148837; RPI = 0.49972828921387324.
9-model ensemble performance: RMSE = 0.8698951327975901; RPI = 0.5044039428881483.
10-model ensemble performance: RMSE = 0.869851729145878; RPI = 0.5102968184477382.
11-model ensemble performance: RMSE = 0.8698283169091084; RPI = 0.5154799354154236.
12-model ensemble performance: RMSE = 0.8698096456199426; RPI = 0.5186977059554775.
13-model ensemble performance: RMSE = 0.8698077445085142; RPI = 0.5205608858970057.
14-model ensemble performance: RMSE = 0.869792178518046; RPI = 0.5227905533380284.
15-model ensemble performance: RMSE = 0.8697700687405766; RPI = 0.5255511802664528.
16-model ensemble performance: RMSE = 0.8697854856348494; RPI = 0.5280913017780577.
17-model ensemble performance: RMSE = 0.8697638970082936; RPI = 0.5289587262362396.
18-model ensemble performance: RMSE = 0.8697467599664364; RPI = 0.5299924609064326.
19-model ensemble performance: RMSE = 0.8697198488931174; RPI = 0.5309194437414966.
20-model ensemble performance: RMSE = 0.8697329135868216; RPI = 0.5314766951482172.
Training finished with ensemble size 20.
Initial model performance: RMSE = 0.8728289035570546; RPI = 0.
2-model uncertainty performance: RPI = 0.107406634602884.
3-model uncertainty performance: RPI = 0.3225322992726706.
4-model uncertainty performance: RPI = 0.41869894064543905.
5-model uncertainty performance: RPI = 0.470463463526519.
6-model uncertainty performance: RPI = 0.5035512183355498.
7-model uncertainty performance: RPI = 0.521918619872065.
8-model uncertainty performance: RPI = 0.5418819911342617.
9-model uncertainty performance: RPI = 0.5570385676790099.
10-model uncertainty performance: RPI = 0.5567995842210388.
11-model uncertainty performance: RPI = 0.5762333490264805.
12-model uncertainty performance: RPI = 0.589240304755348.
13-model uncertainty performance: RPI = 0.5907481790351738.
14-model uncertainty performance: RPI = 0.5887886234546966.
15-model uncertainty performance: RPI = 0.5976587031719554.
16-model uncertainty performance: RPI = 0.5950835775355854.
17-model uncertainty performance: RPI = 0.6082034123085585.
18-model uncertainty performance: RPI = 0.620005286827962.
19-model uncertainty performance: RPI = 0.6106023376137188.
20-model uncertainty performance: RPI = 0.6211579954784413.
Training finished with 20 models.
Obtaining cross-validated errors
Fitting reliability estimator
Estimating biases using sgd...
{'RMSE': 0.8728289035570546, 'RPI': 0.784565231958198}
Full test data metrics:
            DMF       EMF       RMF
RMSE  0.872829  0.869733  0.872829
RPI   0.784565  0.531477  0.586717 

Metrics for ratings in [4, 5]: 
            DMF       EMF       RMF
RMSE  0.742781  0.737892  0.742781
RPI   0.687074  0.440268  0.553390
                         User bias  #Ratings by user  User average rating  User average similarity  User average error
User bias                 1.000000         -0.089493             0.028075                 0.005313            0.984471
#Ratings by user         -0.089493          1.000000            -0.238590                -0.085989           -0.083248
User average rating       0.028075         -0.238590             1.000000                 0.548834            0.027060
User average similarity   0.005313         -0.085989             0.548834                 1.000000            0.006653
User average error        0.984471         -0.083248             0.027060                 0.006653            1.000000
                         Item bias  #Ratings to item  Item average rating  Item average similarity  Item average error
Item bias                 1.000000         -0.198150            -0.065256                -0.073556            0.761378
#Ratings to item         -0.198150          1.000000             0.353766                 0.195808           -0.203843
Item average rating      -0.065256          0.353766             1.000000                 0.352679           -0.091269
Item average similarity  -0.073556          0.195808             0.352679                 1.000000           -0.221309
Item average error        0.761378         -0.203843            -0.091269                -0.221309            1.000000
